Untitled Document-1
  ChemDraw11301115512D

 12 13  0  0  0  0  0  0  0  0999 V2000
   -0.0720   -0.3336    0.0000 B   0  0  0  0  0  0  0  0  0  0  0  0
   -0.6456    0.2593    0.0000 C   0  0  0  0  0  0  0  0  0  0  0  0
    0.7283   -0.1333    0.0000 C   0  0  0  0  0  0  0  0  0  0  0  0
    0.9550    0.6600    0.0000 C   0  0  0  0  0  0  0  0  0  0  0  0
   -0.4190    1.0525    0.0000 C   0  0  0  0  0  0  0  0  0  0  0  0
    0.3813    1.2529    0.0000 C   0  0  0  0  0  0  0  0  0  0  0  0
    0.7079   -0.7517    0.0000 C   0  0  0  0  0  0  0  0  0  0  0  0
   -0.9550   -0.2766    0.0000 C   0  0  0  0  0  0  0  0  0  0  0  0
   -0.8303   -0.8826    0.0000 C   0  0  0  0  0  0  0  0  0  0  0  0
    0.2819   -1.2004    0.0000 C   0  0  0  0  0  0  0  0  0  0  0  0
   -0.3346   -1.2529    0.0000 C   0  0  0  0  0  0  0  0  0  0  0  0
   -0.0720    0.4914    0.0000 *   0  0  0  0  0  0  0  0  0  0  0  0
  1  2  1  0      
  1  3  1  0      
  3  4  1  0      
  2  5  1  0      
  5  6  1  0      
  6  4  1  0      
  3  7  1  0      
  2  8  1  0      
  8  9  1  0      
  7 10  1  0      
  9 11  1  0      
 11 10  1  0      
  1 12  1  0      
M  END
>  <abbreviations>
9-BBN
(9-BBN)

$$$$
Untitled Document-1
  ChemDraw11291111352D

 10 10  0  0  0  0  0  0  0  0999 V2000
   -0.4322    0.4064    0.0000 O   0  0  0  0  0  0  0  0  0  0  0  0
   -0.4322   -0.4186    0.0000 C   0  0  0  0  0  0  0  0  0  0  0  0
    0.3524   -0.6736    0.0000 C   0  0  0  0  0  0  0  0  0  0  0  0
    0.8374   -0.0061    0.0000 O   0  0  0  0  0  0  0  0  0  0  0  0
    0.3524    0.6613    0.0000 B   0  0  0  0  0  0  0  0  0  0  0  0
    0.5660    1.4582    0.0000 *   0  0  0  0  0  0  0  0  0  0  0  0
   -1.0996   -0.9036    0.0000 C   0  0  0  0  0  0  0  0  0  0  0  0
   -1.1673   -0.0441    0.0000 C   0  0  0  0  0  0  0  0  0  0  0  0
    0.6074   -1.4582    0.0000 C   0  0  0  0  0  0  0  0  0  0  0  0
    1.1673   -0.8026    0.0000 C   0  0  0  0  0  0  0  0  0  0  0  0
  1  2  1  0      
  2  3  1  0      
  3  4  1  0      
  4  5  1  0      
  5  1  1  0      
  5  6  1  0      
  2  7  1  0      
  2  8  1  0      
  3  9  1  0      
  3 10  1  0      
M  END
>  <abbreviations>
BPin
Bpin
B(pin)
B(Pin)

$$$$
Untitled Document-2
  ChemDraw11221116182D

  9  9  0  0  0  0  0  0  0  0999 V2000
   -0.3572    0.4125    0.0000 C   0  0  0  0  0  0  0  0  0  0  0  0
   -0.3572   -0.4125    0.0000 C   0  0  0  0  0  0  0  0  0  0  0  0
    0.3572   -0.8250    0.0000 C   0  0  0  0  0  0  0  0  0  0  0  0
    1.0717   -0.4125    0.0000 C   0  0  0  0  0  0  0  0  0  0  0  0
    1.0717    0.4125    0.0000 C   0  0  0  0  0  0  0  0  0  0  0  0
    0.3572    0.8250    0.0000 C   0  0  0  0  0  0  0  0  0  0  0  0
    1.7862    0.8250    0.0000 *   0  0  0  0  0  0  0  0  0  0  0  0
   -1.0717   -0.8250    0.0000 O   0  0  0  0  0  0  0  0  0  0  0  0
   -1.7862   -0.4125    0.0000 C   0  0  0  0  0  0  0  0  0  0  0  0
  1  2  2  0      
  2  3  1  0      
  3  4  2  0      
  4  5  1  0      
  5  6  2  0      
  6  1  1  0      
  5  7  1  0      
  2  8  1  0      
  8  9  1  0      
M  END
>  <abbreviations>
PMP

$$$$
Tol.mol
  ChemDraw11221116182D

  8  8  0  0  0  0  0  0  0  0999 V2000
   -0.7145    0.4125    0.0000 C   0  0  0  0  0  0  0  0  0  0  0  0
   -0.7145   -0.4125    0.0000 C   0  0  0  0  0  0  0  0  0  0  0  0
    0.0000   -0.8250    0.0000 C   0  0  0  0  0  0  0  0  0  0  0  0
    0.7145   -0.4125    0.0000 C   0  0  0  0  0  0  0  0  0  0  0  0
    0.7145    0.4125    0.0000 C   0  0  0  0  0  0  0  0  0  0  0  0
    0.0000    0.8250    0.0000 C   0  0  0  0  0  0  0  0  0  0  0  0
    1.4289    0.8250    0.0000 *   0  0  0  0  0  0  0  0  0  0  0  0
   -1.4289   -0.8250    0.0000 C   0  0  0  0  0  0  0  0  0  0  0  0
  1  2  2  0      
  2  3  1  0      
  3  4  2  0      
  4  5  1  0      
  5  6  2  0      
  6  1  1  0      
  5  7  1  0      
  2  8  1  0      
M  END
>  <abbreviations>
Tol
p-tolyl

$$$$
Untitled Document-1
  ChemDraw10201114492D

  6  5  0  0  0  0  0  0  0  0999 V2000
    0.0000    0.0854    0.0000 N   0  0  0  0  0  0  0  0  0  0  0  0
    0.0000    0.9104    0.0000 C   0  0  0  0  0  0  0  0  0  0  0  0
    0.7145    1.3229    0.0000 C   0  0  0  0  0  0  0  0  0  0  0  0
    0.5834   -0.4979    0.0000 C   0  0  0  0  0  0  0  0  0  0  0  0
    0.5834   -1.3229    0.0000 C   0  0  0  0  0  0  0  0  0  0  0  0
   -0.7145   -0.3271    0.0000 *   0  0  0  0  0  0  0  0  0  0  0  0
  1  2  1  0      
  2  3  1  0      
  1  4  1  0      
  4  5  1  0      
  1  6  1  0      
M  END
>  <abbreviations>
NEt2

$$$$
Untitled Document-1
  ChemDraw10201114472D

  8  8  0  0  0  0  0  0  0  0999 V2000
   -0.0000    0.6188    0.0000 C   0  0  0  0  0  0  0  0  0  0  0  0
   -0.0000   -0.2062    0.0000 C   0  0  0  0  0  0  0  0  0  0  0  0
    0.7145   -0.6188    0.0000 C   0  0  0  0  0  0  0  0  0  0  0  0
    1.4289   -0.2062    0.0000 C   0  0  0  0  0  0  0  0  0  0  0  0
    1.4289    0.6188    0.0000 C   0  0  0  0  0  0  0  0  0  0  0  0
    0.7145    1.0313    0.0000 C   0  0  0  0  0  0  0  0  0  0  0  0
   -0.7145   -0.6188    0.0000 O   0  0  0  0  0  0  0  0  0  0  0  0
   -1.4289   -1.0313    0.0000 *   0  0  0  0  0  0  0  0  0  0  0  0
  1  2  2  0      
  2  3  1  0      
  3  4  2  0      
  4  5  1  0      
  5  6  2  0      
  6  1  1  0      
  2  7  1  0      
  7  8  1  0      
M  END
>  <abbreviations>
OPh

$$$$
Untitled Document-1
  ChemDraw10201114422D

  5  4  0  0  0  0  0  0  0  0999 V2000
   -1.4289   -0.2062    0.0000 C   0  0  0  0  0  0  0  0  0  0  0  0
   -0.7145    0.2062    0.0000 C   0  0  0  0  0  0  0  0  0  0  0  0
    0.0000   -0.2062    0.0000 C   0  0  0  0  0  0  0  0  0  0  0  0
    0.7145    0.2062    0.0000 C   0  0  0  0  0  0  0  0  0  0  0  0
    1.4289   -0.2062    0.0000 *   0  0  0  0  0  0  0  0  0  0  0  0
  1  2  1  0      
  2  3  1  0      
  3  4  1  0      
  4  5  1  0      
M  END
>  <abbreviations>
nBu
n-Bu
Bu

$$$$
Untitled Document-1
  ChemDraw10071111572D

  6  6  0  0  0  0  0  0  0  0999 V2000
   -0.6348    0.0202    0.0000 C   0  0  0  0  0  0  0  0  0  0  0  0
   -0.6348   -0.8048    0.0000 C   0  0  0  0  0  0  0  0  0  0  0  0
    0.1498   -1.0597    0.0000 C   0  0  0  0  0  0  0  0  0  0  0  0
    0.6348   -0.3923    0.0000 C   0  0  0  0  0  0  0  0  0  0  0  0
    0.1498    0.2751    0.0000 C   0  0  0  0  0  0  0  0  0  0  0  0
    0.4048    1.0597    0.0000 *   0  0  0  0  0  0  0  0  0  0  0  0
  1  2  2  0      
  2  3  1  0      
  3  4  2  0      
  4  5  1  0      
  5  1  1  0      
  5  6  1  0      
M  END
>  <abbreviations>
Cp

$$$$
Untitled Document-1
  ChemDraw10041111432D

  2  1  0  0  0  0  0  0  0  0999 V2000
   -0.4125    0.0000    0.0000 *   0  0  0  0  0  0  0  0  0  0  0  0
    0.4125    0.0000    0.0000 C   0  0  0  0  0  0  0  0  0  0  0  0
  1  2  1  0      
M  END
>  <abbreviations>
Me
CH3

$$$$
Untitled Document-1
  ChemDraw10041111432D

  4  3  0  0  0  0  0  0  0  0999 V2000
   -0.4000    0.0000    0.0000 *   0  0  0  0  0  0  0  0  0  0  0  0
    0.4000    0.0000    0.0000 C   0  0  0  0  0  0  0  0  0  0  0  0
    0.8000   -0.3600    0.0000 C   0  0  0  0  0  0  0  0  0  0  0  0
    1.2000    0.3600    0.0000 C   0  0  0  0  0  0  0  0  0  0  0  0
  1  2  1  0      
  2  3  1  0      
  3  4  1  0      
M  END
>  <abbreviations>
Pr
CH2CH2CH3

$$$$
Untitled Document-1
  ChemDraw10041111432D

  2  1  0  0  0  0  0  0  0  0999 V2000
   -0.4125    0.0000    0.0000 *   0  0  0  0  0  0  0  0  0  0  0  0
    0.4125    0.0000    0.0000 F   0  0  0  0  0  0  0  0  0  0  0  0
  1  2  1  0      
M  END
>  <abbreviations>
F

$$$$
Untitled Document-1
  ChemDraw10041111432D

  2  1  0  0  0  0  0  0  0  0999 V2000
   -0.4125    0.0000    0.0000 *   0  0  0  0  0  0  0  0  0  0  0  0
    0.4125    0.0000    0.0000 Cl  0  0  0  0  0  0  0  0  0  0  0  0
  1  2  1  0      
M  END
>  <abbreviations>
Cl

$$$$
Untitled Document-1
  ChemDraw10041111432D

  2  1  0  0  0  0  0  0  0  0999 V2000
   -0.4125    0.0000    0.0000 *   0  0  0  0  0  0  0  0  0  0  0  0
    0.4125    0.0000    0.0000 Br  0  0  0  0  0  0  0  0  0  0  0  0
  1  2  1  0      
M  END
>  <abbreviations>
Br

$$$$
Bn.mol
  ChemDraw10041111532D

  8  8  0  0  0  0  0  0  0  0999 V2000
   -1.4438    0.7145    0.0000 *   0  0  0  0  0  0  0  0  0  0  0  0
   -1.0313    0.0000    0.0000 C   0  0  0  0  0  0  0  0  0  0  0  0
   -0.2062    0.0000    0.0000 C   0  0  0  0  0  0  0  0  0  0  0  0
    0.2062   -0.7145    0.0000 C   0  0  0  0  0  0  0  0  0  0  0  0
    1.0313   -0.7145    0.0000 C   0  0  0  0  0  0  0  0  0  0  0  0
    1.4438    0.0000    0.0000 C   0  0  0  0  0  0  0  0  0  0  0  0
    1.0313    0.7145    0.0000 C   0  0  0  0  0  0  0  0  0  0  0  0
    0.2062    0.7145    0.0000 C   0  0  0  0  0  0  0  0  0  0  0  0
  1  2  1  0      
  3  4  2  0      
  4  5  1  0      
  5  6  2  0      
  6  7  1  0      
  7  8  2  0      
  3  8  1  0      
  2  3  1  0      
M  END
>  <abbreviations>
Bn
CH2Ph

$$$$

  ChemDraw10041111522D

  9  9  0  0  0  0  0  0  0  0999 V2000
   -1.8563   -0.7145    0.0000 *   0  0  0  0  0  0  0  0  0  0  0  0
   -1.0313   -0.7145    0.0000 O   0  0  0  0  0  0  0  0  0  0  0  0
    0.2062    0.0000    0.0000 C   0  0  0  0  0  0  0  0  0  0  0  0
    0.6188   -0.7145    0.0000 C   0  0  0  0  0  0  0  0  0  0  0  0
    1.4438   -0.7145    0.0000 C   0  0  0  0  0  0  0  0  0  0  0  0
    1.8563    0.0000    0.0000 C   0  0  0  0  0  0  0  0  0  0  0  0
    1.4438    0.7145    0.0000 C   0  0  0  0  0  0  0  0  0  0  0  0
    0.6188    0.7145    0.0000 C   0  0  0  0  0  0  0  0  0  0  0  0
   -0.6188    0.0000    0.0000 C   0  0  0  0  0  0  0  0  0  0  0  0
  1  2  1  0      
  2  9  1  0      
  3  4  2  0      
  4  5  1  0      
  5  6  2  0      
  6  7  1  0      
  7  8  2  0      
  3  8  1  0      
  3  9  1  0      
M  END
>  <abbreviations>
OBn
OCH2Ph

$$$$
CF3.mol
  ChemDraw10041111592D

  5  4  0  0  0  0  0  0  0  0999 V2000
   -0.6188    0.7145    0.0000 *   0  0  0  0  0  0  0  0  0  0  0  0
   -0.2062    0.0000    0.0000 C   0  0  0  0  0  0  0  0  0  0  0  0
    0.6188    0.0000    0.0000 F   0  0  0  0  0  0  0  0  0  0  0  0
   -0.6188   -0.7145    0.0000 F   0  0  0  0  0  0  0  0  0  0  0  0
    0.2062   -0.7145    0.0000 F   0  0  0  0  0  0  0  0  0  0  0  0
  1  2  1  0      
  2  3  1  0      
  2  4  1  0      
  2  5  1  0      
M  END
>  <abbreviations>
CF3

$$$$
ethyl.mol
  ChemDraw10041111432D

  3  2  0  0  0  0  0  0  0  0999 V2000
   -0.6188   -0.0000    0.0000 *   0  0  0  0  0  0  0  0  0  0  0  0
    0.2062    0.0000    0.0000 C   0  0  0  0  0  0  0  0  0  0  0  0
    0.6188   -0.3572    0.0000 C   0  0  0  0  0  0  0  0  0  0  0  0
  1  2  1  0      
  2  3  1  0      
M  END
>  <abbreviations>
Et
CH2CH3

$$$$
H.mol
  ChemDraw10041111462D

  2  1  0  0  0  0  0  0  0  0999 V2000
   -0.4125    0.0000    0.0000 *   0  0  0  0  0  0  0  0  0  0  0  0
    0.4125    0.0000    0.0000 H   0  0  0  0  0  0  0  0  0  0  0  0
  1  2  1  0      
M  END
>  <abbreviations>
H

$$$$
OH.mol
  ChemDraw10041111522D

  2  1  0  0  0  0  0  0  0  0999 V2000
   -0.4125    0.0000    0.0000 *   0  0  0  0  0  0  0  0  0  0  0  0
    0.4125    0.0000    0.0000 O   0  0  0  0  0  0  0  0  0  0  0  0
  1  2  1  0      
M  END
>  <abbreviations>
OH

$$$$
isopropyl.mol
  ChemDraw10041111432D

  4  3  0  0  0  0  0  0  0  0999 V2000
   -0.6188   -0.0000    0.0000 *   0  0  0  0  0  0  0  0  0  0  0  0
    0.2062   -0.0000    0.0000 C   0  0  0  0  0  0  0  0  0  0  0  0
    0.6188    0.3600    0.0000 C   0  0  0  0  0  0  0  0  0  0  0  0
    0.6188   -0.7145    0.0000 C   0  0  0  0  0  0  0  0  0  0  0  0
  1  2  1  0      
  2  3  1  0      
  2  4  1  0      
M  END
>  <abbreviations>
iPr

$$$$
NCOCH3.mol
  ChemDraw10041111492D

  5  4  0  0  0  0  0  0  0  0999 V2000
   -1.0313   -0.7145    0.0000 *   0  0  0  0  0  0  0  0  0  0  0  0
   -0.2062   -0.7145    0.0000 N   0  0  0  0  0  0  0  0  0  0  0  0
    0.2062    0.0000    0.0000 C   0  0  0  0  0  0  0  0  0  0  0  0
    1.0313    0.0000    0.0000 O   0  0  0  0  0  0  0  0  0  0  0  0
   -0.2062    0.7145    0.0000 C   0  0  0  0  0  0  0  0  0  0  0  0
  1  2  1  0      
  2  3  1  0      
  3  4  2  0      
  3  5  1  0      
M  END
>  <abbreviations>
NCOCH3
NCOMe

$$$$
OEt.mol
  ChemDraw10041111552D

  3  2  0  0  0  0  0  0  0  0999 V2000
   -0.6188    0.3572    0.0000 *   0  0  0  0  0  0  0  0  0  0  0  0
   -0.2062   -0.3572    0.0000 C   0  0  0  0  0  0  0  0  0  0  0  0
    0.6188   -0.3572    0.0000 C   0  0  0  0  0  0  0  0  0  0  0  0
  1  2  1  0      
  2  3  1  0      
M  END
>  <abbreviations>
OEt
OCH2CH3

$$$$
OMe.mol
  ChemDraw10041111472D

  3  2  0  0  0  0  0  0  0  0999 V2000
   -0.6188   -0.3572    0.0000 *   0  0  0  0  0  0  0  0  0  0  0  0
    0.2062   -0.3572    0.0000 O   0  0  0  0  0  0  0  0  0  0  0  0
    0.6188    0.3572    0.0000 C   0  0  0  0  0  0  0  0  0  0  0  0
  1  2  1  0      
  2  3  1  0      
M  END
>  <abbreviations>
OCH3
OMe

$$$$
phenyl.mol
  ChemDraw10041111442D

  7  7  0  0  0  0  0  0  0  0999 V2000
   -1.2375   -0.0000    0.0000 *   0  0  0  0  0  0  0  0  0  0  0  0
   -0.4125   -0.0000    0.0000 C   0  0  0  0  0  0  0  0  0  0  0  0
    0.0000   -0.7145    0.0000 C   0  0  0  0  0  0  0  0  0  0  0  0
    0.8250   -0.7145    0.0000 C   0  0  0  0  0  0  0  0  0  0  0  0
    1.2375   -0.0000    0.0000 C   0  0  0  0  0  0  0  0  0  0  0  0
    0.8250    0.7145    0.0000 C   0  0  0  0  0  0  0  0  0  0  0  0
    0.0000    0.7145    0.0000 C   0  0  0  0  0  0  0  0  0  0  0  0
  1  2  1  0      
  2  3  2  0      
  3  4  1  0      
  4  5  2  0      
  5  6  1  0      
  6  7  2  0      
  7  2  1  0      
M  END
>  <abbreviations>
Ph

$$$$
Untitled Document-1
  ChemDraw11091112082D

  4  3  0  0  0  0  0  0  0  0999 V2000
    0.0000    0.6188    0.0000 O   0  0  0  0  0  0  0  0  0  0  0  0
    0.0000   -0.2062    0.0000 C   0  0  0  0  0  0  0  0  0  0  0  0
    0.7145   -0.6188    0.0000 O   0  0  0  0  0  0  0  0  0  0  0  0
   -0.7145   -0.6188    0.0000 *   0  0  0  0  0  0  0  0  0  0  0  0
  1  2  2  0      
  2  3  1  0      
  2  4  1  0      
M  END
>  <abbreviations>
COOH
CO2H

$$$$
